id=CAMPIONE
time.start=2021/02/09 15:09:23.982+0100
time.stop=2021/02/10 15:09:24.707+0100
time.real=24:00:00
board.2-14-10807.readout.rate=49.451 kb/s
board.2-14-10807.0.rejections.singles=0.0
board.2-14-10807.0.rejections.pileup=0.0
board.2-14-10807.0.rejections.saturation=0.0
board.2-14-10807.0.rejections.energy=0.0
board.2-14-10807.0.rejections.psd=0.0
board.2-14-10807.0.rejections.timedistribution=0.0
board.2-14-10807.0.throughput=4039.68
board.2-14-10807.0.icr=4073.63
board.2-14-10807.0.ocr=4040.74
board.2-14-10807.0.calibration.energy.c0=0.0
board.2-14-10807.0.calibration.energy.c1=1.0
board.2-14-10807.0.calibration.energy.c2=0.0
board.2-14-10807.0.calibration.energy.uom=keV
board.2-7-2251.readout.rate=12.915 kb/s
board.2-7-2251.0.rejections.singles=0.0
board.2-7-2251.0.rejections.pileup=34.772
board.2-7-2251.0.rejections.saturation=1.98697
board.2-7-2251.0.rejections.energy=0.0
board.2-7-2251.0.rejections.psd=0.0
board.2-7-2251.0.rejections.timedistribution=0.0
board.2-7-2251.0.throughput=1496.74
board.2-7-2251.0.icr=1489.23
board.2-7-2251.0.ocr=1449.5
board.2-7-2251.0.calibration.energy.c0=1.2093
board.2-7-2251.0.calibration.energy.c1=0.24259
board.2-7-2251.0.calibration.energy.c2=0.0
board.2-7-2251.0.calibration.energy.uom=keV
board.2-7-2251.1.rejections.singles=0.0
board.2-7-2251.1.rejections.pileup=0.0
board.2-7-2251.1.rejections.saturation=0.0
board.2-7-2251.1.rejections.energy=0.0
board.2-7-2251.1.rejections.psd=0.0
board.2-7-2251.1.rejections.timedistribution=0.0
board.2-7-2251.1.throughput=0.0
board.2-7-2251.1.icr=0.0
board.2-7-2251.1.ocr=0.0
board.2-7-2251.1.calibration.energy.c0=0.0
board.2-7-2251.1.calibration.energy.c1=1.0
board.2-7-2251.1.calibration.energy.c2=0.0
board.2-7-2251.1.calibration.energy.uom=keV
