id=CAMPIONE_2
time.start=2021/02/10 15:09:43.900+0100
time.stop=2021/02/11 15:09:44.510+0100
time.real=24:00:00
board.2-14-10807.readout.rate=32.991 kb/s
board.2-14-10807.0.rejections.singles=0.0
board.2-14-10807.0.rejections.pileup=0.0
board.2-14-10807.0.rejections.saturation=1.98798
board.2-14-10807.0.rejections.energy=0.0
board.2-14-10807.0.rejections.psd=0.0
board.2-14-10807.0.rejections.timedistribution=0.0
board.2-14-10807.0.throughput=2674.17
board.2-14-10807.0.icr=2612.21
board.2-14-10807.0.ocr=2608.23
board.2-14-10807.0.calibration.energy.c0=0.0
board.2-14-10807.0.calibration.energy.c1=1.0
board.2-14-10807.0.calibration.energy.c2=0.0
board.2-14-10807.0.calibration.energy.uom=keV
board.2-7-2251.readout.rate=8.607 kb/s
board.2-7-2251.0.rejections.singles=0.0
board.2-7-2251.0.rejections.pileup=5.96433
board.2-7-2251.0.rejections.saturation=0.0
board.2-7-2251.0.rejections.energy=0.0
board.2-7-2251.0.rejections.psd=0.0
board.2-7-2251.0.rejections.timedistribution=0.0
board.2-7-2251.0.throughput=928.279
board.2-7-2251.0.icr=892.662
board.2-7-2251.0.ocr=885.703
board.2-7-2251.0.calibration.energy.c0=1.2093
board.2-7-2251.0.calibration.energy.c1=0.24259
board.2-7-2251.0.calibration.energy.c2=0.0
board.2-7-2251.0.calibration.energy.uom=keV
board.2-7-2251.1.rejections.singles=0.0
board.2-7-2251.1.rejections.pileup=0.0
board.2-7-2251.1.rejections.saturation=0.0
board.2-7-2251.1.rejections.energy=0.0
board.2-7-2251.1.rejections.psd=0.0
board.2-7-2251.1.rejections.timedistribution=0.0
board.2-7-2251.1.throughput=0.0
board.2-7-2251.1.icr=0.0
board.2-7-2251.1.ocr=0.0
board.2-7-2251.1.calibration.energy.c0=0.0
board.2-7-2251.1.calibration.energy.c1=1.0
board.2-7-2251.1.calibration.energy.c2=0.0
board.2-7-2251.1.calibration.energy.uom=keV
