id=CAMPIONE_5
time.start=2021/02/13 10:16:21.804+0100
time.stop=2021/02/14 16:37:22.742+0100
time.real=30:21:00
board.2-14-10807.readout.rate=26.472 kb/s
board.2-14-10807.0.rejections.singles=0.0
board.2-14-10807.0.rejections.pileup=0.0
board.2-14-10807.0.rejections.saturation=0.0
board.2-14-10807.0.rejections.energy=0.0
board.2-14-10807.0.rejections.psd=0.0
board.2-14-10807.0.rejections.timedistribution=0.0
board.2-14-10807.0.throughput=2143.0
board.2-14-10807.0.icr=2094.15
board.2-14-10807.0.ocr=2086.19
board.2-14-10807.0.calibration.energy.c0=0.0
board.2-14-10807.0.calibration.energy.c1=1.0
board.2-14-10807.0.calibration.energy.c2=0.0
board.2-14-10807.0.calibration.energy.uom=keV
board.2-7-2251.readout.rate=6.997 kb/s
board.2-7-2251.0.rejections.singles=0.0
board.2-7-2251.0.rejections.pileup=6.93358
board.2-7-2251.0.rejections.saturation=1.98102
board.2-7-2251.0.rejections.energy=0.0
board.2-7-2251.0.rejections.psd=0.0
board.2-7-2251.0.rejections.timedistribution=0.0
board.2-7-2251.0.throughput=733.181
board.2-7-2251.0.icr=762.694
board.2-7-2251.0.ocr=753.779
board.2-7-2251.0.calibration.energy.c0=1.2093
board.2-7-2251.0.calibration.energy.c1=0.24259
board.2-7-2251.0.calibration.energy.c2=0.0
board.2-7-2251.0.calibration.energy.uom=keV
board.2-7-2251.1.rejections.singles=0.0
board.2-7-2251.1.rejections.pileup=0.0
board.2-7-2251.1.rejections.saturation=0.0
board.2-7-2251.1.rejections.energy=0.0
board.2-7-2251.1.rejections.psd=0.0
board.2-7-2251.1.rejections.timedistribution=0.0
board.2-7-2251.1.throughput=0.0
board.2-7-2251.1.icr=0.0
board.2-7-2251.1.ocr=0.0
board.2-7-2251.1.calibration.energy.c0=0.0
board.2-7-2251.1.calibration.energy.c1=1.0
board.2-7-2251.1.calibration.energy.c2=0.0
board.2-7-2251.1.calibration.energy.uom=keV
