id=CAMPIONE_6
time.start=2021/02/14 16:37:32.488+0100
time.stop=2021/02/15 09:16:33.344+0100
time.real=16:39:00
board.2-14-10807.readout.rate=25.473 kb/s
board.2-14-10807.0.rejections.singles=0.0
board.2-14-10807.0.rejections.pileup=0.0
board.2-14-10807.0.rejections.saturation=4.96547
board.2-14-10807.0.rejections.energy=0.0
board.2-14-10807.0.rejections.psd=0.0
board.2-14-10807.0.rejections.timedistribution=0.0
board.2-14-10807.0.throughput=2052.24
board.2-14-10807.0.icr=2094.44
board.2-14-10807.0.ocr=2082.52
board.2-14-10807.0.calibration.energy.c0=0.0
board.2-14-10807.0.calibration.energy.c1=1.0
board.2-14-10807.0.calibration.energy.c2=0.0
board.2-14-10807.0.calibration.energy.uom=keV
board.2-7-2251.readout.rate=7.002 kb/s
board.2-7-2251.0.rejections.singles=0.0
board.2-7-2251.0.rejections.pileup=10.1424
board.2-7-2251.0.rejections.saturation=0.0
board.2-7-2251.0.rejections.energy=0.0
board.2-7-2251.0.rejections.psd=0.0
board.2-7-2251.0.rejections.timedistribution=0.0
board.2-7-2251.0.throughput=745.565
board.2-7-2251.0.icr=751.552
board.2-7-2251.0.ocr=741.409
board.2-7-2251.0.calibration.energy.c0=1.2093
board.2-7-2251.0.calibration.energy.c1=0.24259
board.2-7-2251.0.calibration.energy.c2=0.0
board.2-7-2251.0.calibration.energy.uom=keV
board.2-7-2251.1.rejections.singles=0.0
board.2-7-2251.1.rejections.pileup=0.0
board.2-7-2251.1.rejections.saturation=0.0
board.2-7-2251.1.rejections.energy=0.0
board.2-7-2251.1.rejections.psd=0.0
board.2-7-2251.1.rejections.timedistribution=0.0
board.2-7-2251.1.throughput=0.0
board.2-7-2251.1.icr=0.0
board.2-7-2251.1.ocr=0.0
board.2-7-2251.1.calibration.energy.c0=0.0
board.2-7-2251.1.calibration.energy.c1=1.0
board.2-7-2251.1.calibration.energy.c2=0.0
board.2-7-2251.1.calibration.energy.uom=keV
