id=CAMPIONE_7
time.start=2021/02/15 09:16:42.392+0100
time.stop=2021/02/15 09:43:23.024+0100
time.real=00:26:40
board.2-14-10807.readout.rate=26.482 kb/s
board.2-14-10807.0.rejections.singles=0.0
board.2-14-10807.0.rejections.pileup=0.0
board.2-14-10807.0.rejections.saturation=0.993344
board.2-14-10807.0.rejections.energy=0.0
board.2-14-10807.0.rejections.psd=0.0
board.2-14-10807.0.rejections.timedistribution=0.0
board.2-14-10807.0.throughput=2135.09
board.2-14-10807.0.icr=2093.97
board.2-14-10807.0.ocr=2090.99
board.2-14-10807.0.calibration.energy.c0=0.0
board.2-14-10807.0.calibration.energy.c1=1.0
board.2-14-10807.0.calibration.energy.c2=0.0
board.2-14-10807.0.calibration.energy.uom=keV
board.2-7-2251.readout.rate=8.751 kb/s
board.2-7-2251.0.rejections.singles=0.0
board.2-7-2251.0.rejections.pileup=78.4161
board.2-7-2251.0.rejections.saturation=1.98522
board.2-7-2251.0.rejections.energy=0.0
board.2-7-2251.0.rejections.psd=0.0
board.2-7-2251.0.rejections.timedistribution=0.0
board.2-7-2251.0.throughput=965.978
board.2-7-2251.0.icr=945.957
board.2-7-2251.0.ocr=865.555
board.2-7-2251.0.calibration.energy.c0=1.2093
board.2-7-2251.0.calibration.energy.c1=0.24259
board.2-7-2251.0.calibration.energy.c2=0.0
board.2-7-2251.0.calibration.energy.uom=keV
board.2-7-2251.1.rejections.singles=0.0
board.2-7-2251.1.rejections.pileup=0.0
board.2-7-2251.1.rejections.saturation=0.0
board.2-7-2251.1.rejections.energy=0.0
board.2-7-2251.1.rejections.psd=0.0
board.2-7-2251.1.rejections.timedistribution=0.0
board.2-7-2251.1.throughput=0.0
board.2-7-2251.1.icr=0.0
board.2-7-2251.1.ocr=0.0
board.2-7-2251.1.calibration.energy.c0=0.0
board.2-7-2251.1.calibration.energy.c1=1.0
board.2-7-2251.1.calibration.energy.c2=0.0
board.2-7-2251.1.calibration.energy.uom=keV
